"County" "State" "pop_estimate" "over65" "females_percent" "white" "births" "deaths" "high_scl" "bachelor" "household_size" "per_capita_inc" "perc_poverty" "unemployment_rate" "govt_employed" "Birth_factor" "Poverty_factor"
"1" "AleutiansEast" "Alaska" 2810 3.096085409 33.6 33.30960854 0.889679715 0 74.7 4.9 2.69 18421 16.9 8.8 10.49822064 "Low" "Medium"
"2" "AleutiansWest" "Alaska" 4529 3.819827777 35 42.9675425 1.01567675 0.198719364 78.5 11 2.52 24037 10.2 6 12.07772135 "Low" "Low"
"3" "Anchorage" "Alaska" 279243 7.056577963 49 72.1615224 1.656979763 0.457307793 90.3 28.9 2.67 25287 8 5.3 15.23762458 "High" "Low"
"4" "Bethel" "Alaska" 17236 5.418890694 47.4 13.39057786 2.401949408 0.545370155 71 13.1 3.73 12603 21.4 14.1 18.26990021 "High" "High"
"5" "BristolBay" "Alaska" 953 5.141657922 47.1 47.00944386 1.259181532 0.944386149 88.9 21.1 2.57 22210 8.5 4.6 24.86883526 "Medium" "Low"
"6" "Denali" "Alaska" 1848 8.170995671 43.5 86.03896104 0.974025974 0.108225108 91.7 22.7 2.28 26251 6.4 6.1 21.26623377 "Low" "Low"
"7" "Dillingham" "Alaska" 4933 7.784309751 47.7 22.42043381 1.682546118 0.506790999 76.6 16.4 3.2 16021 21.5 9.4 15.5686195 "High" "High"
"8" "FairbanksNorthStar" "Alaska" 97970 5.761967949 46.9 80.04082883 1.602531387 0.365417985 91.8 27 2.68 21553 7.8 6.1 20.87475758 "High" "Low"
"9" "Haines" "Alaska" 2271 11.36063408 49.8 81.85821224 0.748568912 1.100836636 88.9 23.8 2.41 22090 11.4 8.9 9.379128137 "Low" "Medium"
"10" "Juneau" "Alaska" 30988 8.028914418 49.2 73.9963857 1.352136311 0.548599458 93.2 36 2.6 26719 7.1 4.8 24.37717826 "Medium" "Low"
"11" "KenaiPeninsula" "Alaska" 53409 9.966485049 47.2 86.51350896 1.211406317 0.6010223 88.5 20.3 2.62 20949 10.3 8.2 10.14810238 "Medium" "Low"
"12" "KetchikanGateway" "Alaska" 13142 10.04413331 48.8 72.04382895 1.339217775 0.578298585 89.6 20.2 2.56 23994 8.8 5.9 18.16314107 "Medium" "Low"
"13" "KodiakIsland" "Alaska" 13049 6.705494674 46.8 61.80550234 1.609318722 0.421488237 85.4 18.7 3.07 22195 7.5 7 18.09334049 "High" "Low"
"14" "LakeandPeninsula" "Alaska" 1488 5.846774194 48.1 21.63978495 2.352150538 1.27688172 72.2 12.4 3.1 15361 18.9 7.2 27.82258065 "High" "High"
"15" "MatanuskaSusitna" "Alaska" 85458 7.552247888 47.6 87.00414239 1.474408481 0.479767839 88.1 18.3 2.84 21105 9.5 7.7 4.981394369 "Medium" "Low"
"16" "Nome" "Alaska" 9261 6.05766116 46.5 18.29176115 2.224381816 0.593888349 74.8 14.7 3.33 15476 23.1 10.5 18.09739769 "High" "High"
"17" "NorthSlope" "Alaska" 6615 4.62585034 46.7 14.30083144 2.721088435 0.619803477 77.4 17 3.45 20540 13.8 4.3 25.66893424 "High" "Medium"
"18" "NorthwestArctic" "Alaska" 7502 5.838443082 47.2 13.74300187 2.479338843 0.706478272 72 12.7 3.87 15286 21.2 11.7 16.64889363 "High" "High"
"19" "PrinceofWalesOuterKetchikan" "Alaska" 5533 9.488523405 44.9 52.81041027 1.21091632 0.52412796 84.1 14.2 2.68 18395 17.9 14.1 15.83227905 "Medium" "Medium"
"20" "Sitka" "Alaska" 8889 12.03734953 48.7 67.63415457 1.361232985 0.742490719 90.6 29.5 2.61 23622 8.4 5.8 15.74980313 "Medium" "Low"
"21" "SkagwayHoonahAngoon" "Alaska" 3066 11.2198304 47.1 59.32811481 1.043705153 0.521852577 84.4 21.6 2.5 19974 13.9 13 18.81930855 "Low" "Medium"
"22" "SoutheastFairbanks" "Alaska" 6753 8.98859766 48.2 80.00888494 2.043536206 0.488671701 86.8 18.2 2.8 16679 13.5 8.8 12.00947727 "High" "Medium"
"23" "ValdezCordova" "Alaska" 9362 8.673360393 46.4 74.53535569 1.33518479 0.523392438 88.5 21.2 2.58 23046 9.5 8.4 15.66972869 "Medium" "Low"
"24" "WadeHampton" "Alaska" 7717 5.351820656 47.8  2.850848775 0.647920176 66.3 9.1 4.38 8717 27.3 20.1 20.17623429 "High" "High"
"25" "WrangellPetersburg" "Alaska" 5910 12.18274112 47.7 71.89509306 1.065989848 0.862944162 85.8 16.3 2.56 23494 9.9 10.6 16.32825719 "Low" "Low"
"26" "Yakutat" "Alaska" 657 10.0456621 45.1 47.94520548 1.522070015 0.456621005 84.3 17.6 2.59 22579 15.1 7.5 20.54794521 "Medium" "Medium"
"27" "YukonKoyukuk" "Alaska" 5701 8.454657078 45.4 24.59217681 1.561129626 1.017365374 74.3 14.2 2.81 13720 23.7 14.3 24.85528855 "High" "High"
"186" "Alameda" "California" 1474368 10.90562193 50.5 56.35214546 1.428815601 0.631321353 82.4 34.9 2.71 26680 11 6.2 8.027439554 "Medium" "Medium"
"187" "Alpine" "California" 1061 12.62959472 47.1 69.08576814 1.225259189 0.094250707 88.3 28.2 2.5 24431 15.9 10.3 20.73515551 "Medium" "Medium"
"188" "Amador" "California" 38238 19.51461897 46 90.44929128 0.716564674 1.064386213 84 16.6 2.39 22412 10.1 7.7 14.60588943 "Low" "Low"
"189" "Butte" "California" 220337 15.00791969 50.8 88.7808221 1.196349229 1.060194157 82.3 21.8 2.48 17517 17.1 8.4 7.411828245 "Medium" "Medium"
"190" "Calaveras" "California" 46843 18.194821 50.6 92.65845484 0.838972739 0.971329761 85.7 17.1 2.44 21420 10.3 8.7 5.450120616 "Low" "Low"
"191" "Colusa" "California" 21204 11.55442369 49.3 92.04395397 1.839275608 0.631956235 64 10.6 3.01 14730 12.7 14 10.67723071 "High" "Medium"
"192" "ContraCosta" "California" 1029703 12.0458035 50.8 71.69203159 1.317855731 0.669319211 86.9 35 2.72 30615 8.7 6.2 4.946766203 "Medium" "Low"
"193" "DelNorte" "California" 29100 13.78006873 45.2 82.28865979 1.250859107 0.931271478 71.6 11 2.58 14573 22.3 8.8 12.81443299 "Medium" "High"
"194" "ElDorado" "California" 176075 11.33039898 50 91.30995314 1.160868948 0.717875905 89.1 26.5 2.63 25560 8.2 6.9 5.502768707 "Medium" "Low"
"195" "Fresno" "California" 909153 9.856976768 49.6 81.18325518 1.856343212 0.667104437 67.5 17.5 3.09 15495 20 10.6 7.547904478 "High" "High"
"196" "Glenn" "California" 28237 12.25696781 49.5 91.41197719 1.614902433 0.910153345 68.5 10.7 2.84 14069 15.8 10.5 8.024931827 "High" "Medium"
"197" "Humboldt" "California" 129000 12.92248062 50.5 86.25193798 1.274418605 0.972868217 84.9 23 2.39 17203 16.9 7.2 10.66046512 "Medium" "Medium"
"198" "Imperial" "California" 163972 10.66828483 48.3 89.93791623 1.908252628 0.568999585 59 10.3 3.33 13239 21 22.9 10.63779182 "High" "High"
"199" "Inyo" "California" 17136 16.21732026 50.9 83.36251167 1.470588235 1.237161531 82.3 17.1 2.31 19639 11.4 6.7 17.76960784 "Medium" "Medium"
"200" "Kern" "California" 800458 8.954623478 48.3 85.41210157 1.887544381 0.673614356 68.5 13.5 3.03 15760 18.1 9.8 7.720330111 "High" "Medium"
"201" "Kings" "California" 149518 7.682687034 42.3 83.99724448 1.795770409 0.540403162 68.8 10.4 3.18 15848 17.2 10.7 13.19506681 "High" "Medium"
"202" "Lake" "California" 64866 16.15484229 50.6 89.79434527 1.071439583 1.190145839 77.3 12.1 2.39 16825 16.4 10.8 6.926587118 "Medium" "Medium"
"203" "Lassen" "California" 34574 8.760918609 36.1 82.57361023 0.818534159 0.662347429 79.6 10.7 2.59 14749 17.2 9.5 17.97593567 "Low" "Medium"
"204" "LosAngeles" "California" 9862049 10.69688459 50.5 74.14341584 1.540927245 0.604752623 69.9 24.9 2.98 20683 14.6 7.5 6.290305392 "Medium" "Medium"
"205" "Madera" "California" 148333 10.31934903 52 87.62918568 1.767644422 0.670113865 65.4 12 3.18 14682 16.9 9.4 7.709006088 "High" "Medium"
"206" "Marin" "California" 248794 15.81388619 50.2 87.97237876 1.099704977 0.731930834 91.2 51.3 2.34 44962 6.8 4.6 5.825301253 "Medium" "Low"
"207" "Mariposa" "California" 17976 18.78615932 49.2 90.64307966 0.884512684 1.012461059 85.1 20.2 2.37 18190 12.5 7.5 10.7587895 "Low" "Medium"
"208" "Mendocino" "California" 86221 15.18307605 50.1 88.78927407 1.283909952 0.905811809 80.8 20.2 2.53 19443 15.4 6.9 8.871388641 "Medium" "Medium"
"209" "Merced" "California" 246117 9.927392257 49.8 85.02460212 1.927132218 0.606622054 63.8 11 3.25 14257 19.3 12.7 6.398176477 "High" "High"
"210" "Modoc" "California" 9184 19.94773519 49.7 91.18031359 0.914634146 1.219512195 77.1 12.4 2.39 17285 19.6 9.7 13.41463415 "Low" "High"
"211" "Mono" "California" 12774 13.12822922 45.3 92.74307186 1.557851887 0.367934868 87.9 28.9 2.43 23422 9.6 6 13.11257241 "Medium" "Low"
"212" "Monterey" "California" 408238 10.17788643 48.1 85.35315184 1.831284692 0.584462985 68.4 22.5 3.14 20165 12.1 8.5 8.93669869 "High" "Medium"
"213" "Napa" "California" 133433 14.49341617 49.4 88.13636806 1.315266838 0.906072711 80.4 26.4 2.62 26395 8.6 5.1 7.617306064 "Medium" "Low"
"214" "Nevada" "California" 97118 17.99975288 50.3 94.52933545 0.83506662 0.910232913 90.3 26.1 2.47 24007 8.8 6.6 5.974175745 "Low" "Low"
"215" "Orange" "California" 3010759 11.38719506 49.9 78.3508411 1.469629419 0.572148086 79.5 30.8 3 25826 8.9 5.3 5.3832605 "Medium" "Low"
"216" "Placer" "California" 341945 15.25040577 50.7 88.83036746 1.138194739 0.727309948 90.5 30.3 2.63 27963 6 6.5 5.760867976 "Medium" "Low"
"217" "Plumas" "California" 20275 19.93094945 50.1 92.81874229 0.902589396 1.055487053 88 17.5 2.29 19391 11.5 10.6 11.72872996 "Low" "Medium"
"218" "Riverside" "California" 2100516 11.49374725 50.1 83.6245951 1.602891861 0.663027561 75 16.6 2.98 18689 11.7 8.6 6.097454149 "High" "Medium"
"219" "Sacramento" "California" 1394154 11.35742536 50.9 69.72178109 1.574861888 0.719432717 83.3 24.8 2.64 21142 12.2 7.2 13.68306514 "High" "Medium"
"220" "SanBenito" "California" 54699 9.003820911 49.1 91.11866762 1.617945483 0.469844056 74.9 17.1 3.32 20932 11.7 9.6 5.093328946 "High" "Medium"
"221" "SanBernardino" "California" 2015355 8.441688933 49.8 80.28138963 1.719300074 0.620238122 74.2 15.9 3.15 16856 12.1 8 6.739755527 "High" "Medium"
"222" "SanDiego" "California" 3001072 11.22945401 49.7 79.53884479 1.562708259 0.642903602 82.6 29.5 2.73 22926 11.1 6 11.23918386 "High" "Medium"
"223" "SanFrancisco" "California" 808976 14.73529499 49.1 58.13584087 1.064679298 0.720787761 81.2 45 2.3 34556 10.6 5.3 12.33831412 "Low" "Medium"
"224" "SanJoaquin" "California" 672388 10.17135939 49.9 72.7163483 1.752559534 0.691416266 71.2 14.5 3 17365 14.2 10.4 5.879938369 "High" "Medium"
"225" "SanLuisObispo" "California" 265297 14.44531977 48.6 90.89435614 1.028281511 0.794581168 85.6 26.7 2.49 21864 11.5 5.7 8.135410502 "Low" "Medium"
"226" "SanMateo" "California" 712690 13.34114412 50.2 67.18250572  0.645020977 85.3 39 2.74 36045 6 4.7 4.573938178 "Medium" "Low"
"227" "SantaBarbara" "California" 405396 12.97324098 49.5 88.67379057  0.691422708 79.2 29.4 2.8 23059 12.2 5.4 9.719878835 "Medium" "Medium"
"228" "SantaClara" "California" 1764499 10.92922127 48.8 62.0391964 1.527232376 0.507339477 83.4 40.5 2.92 32795 8.3 6 5.462967109 "Medium" "Low"
"229" "SantaCruz" "California" 253137 10.56700522 49.8 90.26693056 1.422154802 0.60955135 83.2 34.2 2.71 26396 10.6 7.3 7.602602543 "Medium" "Medium"
"230" "Shasta" "California" 180214 15.25075743 51.1 90.16558092 1.215221903 1.106462317 83.3 16.6 2.52 17738 13.4 10.1 7.739132365 "Medium" "Medium"
"231" "Sierra" "California" 3263 17.9589335 50.1 95.43365002 0.520992951 1.164572479 85.2 17.2 2.32 18815 11.7 10.5 13.30064358 "Low" "Medium"
"232" "Siskiyou" "California" 44542 18.95738853 50.9 89.09568497 1.082124736 1.203358628 83.8 17.7 2.35 17570 17.7 10.2 10.18589197 "Medium" "Medium"
"233" "Solano" "California" 407515 11.22608984 49.7 63.6187625 1.424732832 0.681692698 83.8 21.4 2.9 21731 9.6 6.9 8.136142228 "Medium" "Low"
"234" "Sonoma" "California" 466741 13.12698049 50.4 89.73306395 1.263227357 0.794230633 84.9 28.5 2.6 25724 8.9 5.7 6.461399363 "Medium" "Low"
"235" "Stanislaus" "California" 510694 10.52058571 50.5 86.76076085 1.709046905 0.728028918 70.4 14.1 3.03 16913 13.6 11.1 5.7368992 "High" "Medium"
"236" "Sutter" "California" 92207 12.56520655 50.4 79.73906536 1.7102823 0.752654354 73 15.3 2.87 17428 12.2 12.3 5.078790114 "High" "Medium"
"237" "Tehama" "California" 61550 15.29325751 50.5 92.80422421 1.330625508 0.934199838 75.7 11.3 2.62 15793 19.3 9.1 6.861088546 "Medium" "High"
"238" "Trinity" "California" 14317 26.52790389 49.3 89.64866941 0.852133827 1.089613746 81 15.5 2.29 16868 17 12.4 8.535307676 "Low" "Medium"
"239" "Tulare" "California" 426276 9.576190074 49.8 90.65042367 1.943811052 0.653332583 61.7 11.5 3.28 14006 23.2 10.8 7.477315167 "High" "High"
"240" "Tuolumne" "California" 55644 19.62296025 47.2 91.29645604 0.891380922 1.076486234 84.3 16.1 2.36 21015 12.5 7.9 10.90503918 "Low" "Medium"
"241" "Ventura" "California" 797740 11.44219921 49.9  1.561912403 0.617118359 80.1 26.9 3.04 24600 8.7 6.3 6.33151152 "High" "Low"
"242" "Yolo" "California" 197658 9.6849103 50.9 79.95679406 1.339687743 0.585860426 79.8 34.1 2.71 19365 14.5 7.4 18.32964009 "Medium" "Medium"
"243" "Yuba" "California" 73067 9.24767679 49.8  1.836670453 0.692515089 71.8 10.3 2.87 14124 19.2 12 14.4702807 "High" "High"
"1190" "Allegany" "Maryland" 72238 18.08881752 49.4 91.7038124 1.0036269 1.232038539 79.9 14.1 2.35 16780 14.2 5.8 9.029873474 "Low" "Medium"
"1191" "AnneArundel" "Maryland" 512790 11.38555744 50.4 79.22892412 1.347335166 0.746504417 86.4 30.6 2.65 27578 5 3.9 15.68653835 "Medium" "Low"
"1192" "Baltimore" "Maryland" 785618 14.53823614 52.4 68.83599918 1.266518842 0.981265704 84.3 30.6 2.46 26167 7.6 4.5 7.48620831 "Medium" "Low"
"1193" "Baltimorecity" "Maryland" 636919 11.83886805 53.3 32.71247992 1.567546266 1.119922628 68.4 19.1 2.42 16978 19.9 6.7 12.49169832 "High" "High"
"1194" "Calvert" "Maryland" 88698 10.2516404 50.8 82.30399784 1.148842138 0.700128526 86.9 22.5 2.91 25410 5.2 3.6 4.864822206 "Medium" "Low"
"1195" "Caroline" "Maryland" 33138 12.92775665 51 83.08890096 1.487718028 0.971694128 75 12.1 2.64 17275 11.7 5.5 5.066690808 "Medium" "Medium"
"1196" "Carroll" "Maryland" 169353 12.11670298 50.6 93.16457341 1.167974586 0.762313038 85.3 24.8 2.81 23829 4.7 3.8 5.202151719 "Medium" "Low"
"1197" "Cecil" "Maryland" 99926 11.49650742 50.7 91.56275644 1.365010107 0.774573184 81.2 16.4 2.71 21384 9.3 5.3 5.69821668 "Medium" "Low"
"1198" "Charles" "Maryland" 140764 8.565400244 51.4 55.3493791 1.336989571 0.588928988 85.8 20 2.86 24285 5.9 3.7 7.102668296 "Medium" "Low"
"1199" "Dorchester" "Maryland" 31998 18.06987937 52.6 70.37627352 1.25007813 1.178198637 74.2 12 2.36 18929 13.7 6.9 7.562972686 "Medium" "Medium"
"1200" "Frederick" "Maryland" 225721 10.28880786 50.6 85.28891862 1.329517413 0.615804467 87.1 30 2.72 25404 5.3 3.6 7.259404309 "Medium" "Low"
"1201" "Garrett" "Maryland" 29698 17.01461378 50.7 98.36015893 0.989965654 0.912519362 79.2 13.8 2.55 16219 12.9 5 6.283251397 "Low" "Medium"
"1202" "Harford" "Maryland" 240351 11.70080424 51 83.65182587 1.246094254 0.711043432 86.7 27.3 2.72 24232 5.6 4.2 8.644856897 "Medium" "Low"
"1203" "Howard" "Maryland" 274995 9.562355679 50.8 68.22087674 1.22584047 0.450917289 93.1 52.9 2.71 32402 4.5 3.1 6.48375425 "Medium" NA
"1204" "Kent" "Maryland" 20151 19.59704233 52.2 82.28872016 1.181082825 1.339883877 78.8 21.7 2.33 21573 12.7 4.8 6.168428366 "Medium" "Medium"
"1205" "Montgomery" "Maryland" 950680 12.4687592 51.8 66.94029537 1.462426894 0.548344343 90.3 54.6 2.66 35684 5.1 3.2 9.307863845 "Medium" "Low"
"1206" "PrinceGeorge's" "Maryland" 820852 9.425328805 52 28.10506644 1.542299952 0.652370951 84.9 27.2 2.74 23360 8.1 4.5 11.54130099 "Medium" "Low"
"1207" "QueenAnne's" "Maryland" 47091 13.32101675 50.4 89.44596632 0.968337899 0.73050052 84.2 25.4 2.62 26364 6.1 4.2 5.739950309 "Low" "Low"
"1208" "Somerset" "Maryland" 26119 13.36574907 46.2 55.95543474 1.041387496 0.953328994 69.5 11.6 2.37 15965 23 6.6 11.44377656 "Low" "High"
"1209" "St.Mary's" "Maryland" 101578 9.912579496 50.2 80.63064837 1.515091851 0.633011085 85.3 22.6 2.72 22662 7.7 3.7 14.27868239 "Medium" "Low"
"1210" "Talbot" "Maryland" 36215 23.39086014 52.2 84.09222698 0.994063233 1.226011321 84.4 27.8 2.32 28164 8.3 4.3 5.481154218 "Low" "Low"
"1211" "Washington" "Maryland" 145384 13.92381555 49.1 87.23862323 1.300693336 0.849474495 77.8 14.6 2.46 20062 10.5 5.7 6.374841798 "Medium" "Low"
"1212" "Wicomico" "Maryland" 94046 13.74221126 52.2 72.93771133 1.426961274 0.93677562 80.7 21.9 2.53 19171 13.2 5.4 7.78874168 "Medium" "Medium"
"1213" "Worcester" "Maryland" 49274 22.82948411 51.5 83.42939481 0.949790965 1.144619881 81.7 21.6 2.33 22505 9.2 7.5 7.912895239 "Low" "Low"
"1981" "Albany" "New York" 298130 13.71247442 51.8 81.81866971 1.033777211 0.886526012 86.3 33.3 2.32 23345 11.7 4.9 22.85848455 "Low" "Medium"
"1982" "Allegany" "New York" 49649 15.16848275 49.7 96.53568048 1.017140325 0.886221273 83.2 17.2 2.53 14975 16.7 6.5 8.622530162 "Low" "Medium"
"1983" "Bronx" "New York" 1391903 10.64125877 53.2 49.5872198 1.628633604 0.685033368 62.3 14.6 2.78 13959 27.1 7.4 1.831521306 "High" "High"
"1984" "Broome" "New York" 195018 16.72102062 51.5 90.09886267 1.092206873 1.10143679 83.8 22.7 2.37 19168 14.5 5.7 10.65542668 "Medium" "Medium"
"1985" "Cattaraugus" "New York" 79688 15.22061038 50.9 93.71298062 1.291286015 1.001405481 81.2 14.9 2.52 15959 15.8 6.2 13.26925008 "Medium" "Medium"
"1986" "Cayuga" "New York" 79823 14.78521228 49.4 93.72737181 1.077383711 0.974656427 79.1 15.5 2.53 18003 12.7 5.7 7.950089573 "Medium" "Medium"
"1987" "Chautauqua" "New York" 133789 15.9587111 50.8 95.1109583 1.127895417 1.062120204 81.2 16.9 2.45 16840 15.1 5.6 7.552937835 "Medium" "Medium"
"1988" "Chemung" "New York" 87813 15.33599809 50.3 90.52304329 1.159281655 1.031737898 82.1 18.6 2.44 18264 16 5.7 8.235682644 "Medium" "Medium"
"1989" "Chenango" "New York" 50898 15.91221659 50.6 97.25922433 1.057015993 0.990215726 80.6 14.4 2.52 16427 12.4 6.5 9.069118629 "Low" "Medium"
"1990" "Clinton" "New York" 81947 13.54656058 48.9 93.9363247 0.940852014 0.751705371 76.4 17.8 2.47 17946 13.2 6.7 10.10531197 "Low" "Medium"
"1991" "Columbia" "New York" 62006 16.98061478 50.1 91.71854337 0.972486534 1.05957488 81 22.6 2.43 22265 10 4.9 7.978260168 "Low" "Low"
"1992" "Cortland" "New York" 48302 12.88973541 51.8 96.07676701 1.062067823 0.90679475 82.8 18.8 2.5 16622 14.8 6.5 7.960332905 "Low" "Medium"
"1993" "Delaware" "New York" 46085 19.3078008 50.8 96.03558642 1.024194423 1.176087664 79.9 16.6 2.39 17357 14.2 6.1 10.26581317 "Low" "Medium"
"1994" "Dutchess" "New York" 292878 12.85654778 49.9 84.37164963 1.048900908 0.767213652 84 27.6 2.63 23940 8.7 5.2 7.788567253 "Low" "Low"
"1995" "Erie" "New York" 909845 15.57309212 51.8 82.60176184 1.09689013 1.036440273 82.9 24.5 2.41 20357 13.7 5.8 8.466057405 "Medium" "Medium"
"1996" "Essex" "New York" 37826 17.01210807 48.1 95.05895416 0.978163168 1.073335801 80.4 18.3 2.39 18194 12.4 6.8 12.64474171 "Low" "Medium"
"1997" "Franklin" "New York" 50521 13.44391441 45.1 84.99040003 1.041151204 0.845193088 69.7 13 2.46 15888 15.6 7.1 17.0661705 "Low" "Medium"
"1998" "Fulton" "New York" 55024 15.5931957 50.7 95.6600756 1.03954638 0.999563827 77.8 13.5 2.43 16844 15.9 6.9 7.424033149 "Low" "Medium"
"1999" "Genesee" "New York" 57821 15.70190761 50.3 94.44492485 1.099946386 0.916621989 84.4 16.3 2.59 18498 11.9 5.7 10.53596444 "Medium" "Medium"
"2000" "Greene" "New York" 48992 15.43721424 48.3 91.13528739 0.91443501 1.047109732 78.6 16.4 2.42 18931 12.6 6 9.193337688 "Low" "Medium"
"2001" "Hamilton" "New York" 5021 22.10714997 50.4 98.10794662 0.637323242 1.214897431 83.4 18.4 2.24 18643 13.1 6.4 15.0965943 "Low" "Medium"
"2002" "Herkimer" "New York" 62200 16.18167203 51.2 97.02893891 1.038585209 1.128617363 79.4 15.7 2.46 16141 12.3 6.2 7.599678457 "Low" "Medium"
"2003" "Jefferson" "New York" 118046 11.44130254 48.8 90.35969029 1.425715399 0.714975518 82.9 16 2.58 16202 14.7 6.9 23.84578893 "Medium" "Medium"
"2004" "Kings" "New York" 2556598 12.29634068 52.7 51.35652926 1.583823503 0.646679689 68.8 21.8 2.75 16775 21.9 5.9 1.552023431 "High" "High"
"2005" "Lewis" "New York" 26176 14.89532396 50.1 97.86445599 1.260696822 0.893948655 81 11.7 2.66 14971 15.1 6.8 9.35207824 "Medium" "Medium"
"2006" "Livingston" "New York" 63154 12.89862875 50 94.36931944 1.030813567 0.775881179 82.3 19.2 2.6 18062 12.8 6 11.19169015 "Low" "Medium"
"2007" "Madison" "New York" 69766 13.29730814 50.9 95.83894734 1.07645558 0.782616174 83.3 21.6 2.55 19105 11 5.8 6.731072442 "Medium" "Medium"
"2008" "Monroe" "New York" 732762 13.58217266 51.5 80.46732773 1.215401454 0.840927887 84.9 31.2 2.47 22821 13.3 5.5 6.727150152 "Medium" "Medium"
"2009" "Montgomery" "New York" 48679 17.19632696 51.8 95.67164486 1.281866924 1.259269911 78.1 13.6 2.42 17005 11 7.2 6.579839356 "Medium" "Medium"
"2010" "Nassau" "New York" 1351625 15.00253399 51.4 80.09921391 1.12730972 0.772403588 86.7 35.4 2.93 32151 4.7 4.7 6.395708869 "Medium" "Low"
"2011" "NewYork" "New York" 1634795 12.86375356 52.1 67.03727379 1.252695292 0.639223878 78.7 49.4 2 42922 17.7 4.9 27.98693414 "Medium" "Medium"
"2012" "Niagara" "New York" 214464 15.40351761 51.6 89.98106908 1.028144584 1.066379439 83.3 17.4 2.45 19219 11.9 6.9 7.365804984 "Low" "Medium"
"2013" "Oneida" "New York" 231590 16.12720757 50 90.59242627 1.122241893 1.044086532 79 18.3 2.43 18516 14.5 5.5 12.25355154 "Medium" "Medium"
"2014" "Onondaga" "New York" 452633 13.74667777 51.8 84.11229407 1.211135732 0.877753058 85.7 28.5 2.46 21336 12.8 5.3 9.160843332 "Medium" "Medium"
"2015" "Ontario" "New York" 104475 14.50681981 50.9 95.01316104 1.09021297 0.874850443 87.4 24.7 2.53 21533 9.5 5.2 8.143575018 "Medium" "Low"
"2016" "Orange" "New York" 379647 10.0793632 49.7 84.53905865 1.451084824 0.642175495 81.8 22.5 2.85 21597 10.5 5.5 8.991247132 "Medium" "Low"
"2017" "Orleans" "New York" 42135 13.57778569 50.3 90.31921206 1.098848938 0.833036668 76.4 13 2.65 16457 13.4 7 10.50195799 "Medium" "Medium"
"2018" "Oswego" "New York" 121395 12.00955558 50.5 96.93974216 1.135137362 0.8863627 80.4 14.4 2.6 16853 13.8 7.1 7.735079699 "Medium" "Medium"
"2019" "Otsego" "New York" 61962 15.51757529 51.9 95.32778154 0.88602692 0.927988122 83 22 2.43 16806 15.7 5.7 8.164681579 "Low" "Medium"
"2020" "Putnam" "New York" 99244 11.60775462 49.7 93.55225505 1.051952763 0.600540083 90.2 33.9 2.86 30127 6.7 4.5 4.880899601 "Low" "Low"
"2021" "Queens" "New York" 2293007 13.34169499 51.4 55.00981898 1.324156446 0.645440681 74.4 24.3 2.81 19222 12.2 4.9 1.758607802 "Medium" "Medium"
"2022" "Rensselaer" "New York" 155261 13.09279214 50.6 89.79460393 1.123269849 0.92296198 84.9 23.7 2.46 21095 10.6 5.3 7.509290807 "Medium" "Medium"
"2023" "Richmond" "New York" 487407 12.13934145 51.3 79.57989934 1.209051163 0.738397274 82.6 23.2 2.78 23905 10.1 5 1.670062186 "Medium" "Low"
"2024" "Rockland" "New York" 298545 13.48473429 50.7 80.33763754 1.582006063 0.686663652 85.3 37.5 3.01 28082 8.8 4.8 7.483293976 "High" "Low"
"2025" "Saratoga" "New York" 217191 12.34213204 50.5 95.14758899 1.099032649 0.67083811 88.2 30.9 2.51 23945 6.9 4.6 6.510398681 "Medium" "Low"
"2026" "Schenectady" "New York" 151427 15.47016054 51.4 84.21153427 1.222371176 0.973406328 84.8 26.3 2.38 21992 11.1 5.2 7.444511217 "Medium" "Medium"
"2027" "Schoharie" "New York" 31910 15.28361015 50.3 96.59041053 0.918207458 0.911939831 81.7 17.3 2.49 17778 12.7 6.9 9.338765277 "Low" "Medium"
"2028" "Schuyler" "New York" 18888 16.02604828 49.9 95.96039814 0.868276154 0.931808556 82.4 15.5 2.52 17039 11.4 5.9 6.835027531 "Low" "Medium"
"2029" "Seneca" "New York" 34086 14.63650766 48 92.23141466 1.038549551 0.959338145 79.1 17.5 2.51 17630 12.1 5.6 9.654990319 "Low" "Medium"
"2030" "St.Lawrence" "New York" 109701 13.68355804 49.4 94.6964932 1.163161685 0.943473624 79.2 16.4 2.49 15728 15.9 7.2 9.733730777 "Medium" "Medium"
"2031" "Steuben" "New York" 96573 15.5426465 51 95.96160418 1.149389581 0.991995692 82.8 17.9 2.49 18197 15 6.2 8.857548176 "Medium" "Medium"
"2032" "Suffolk" "New York" 1512224 13.06023446 50.6 86.9889646 1.263900057 0.736134329 86.2 27.5 2.96 26577 5.3 5 7.208720401 "Medium" "Low"
"2033" "Sullivan" "New York" 76189 14.5755949 49.3 86.91280894 1.279712294 0.942393259 76.2 16.7 2.5 18892 14.2 6.6 8.524852669 "Medium" "Medium"
"2034" "Tioga" "New York" 50171 14.53229954 50.6 96.99228638 1.221821371 0.867034741 84.8 19.7 2.6 18673 10.3 5.4 5.574933727 "Medium" "Low"
"2035" "Tompkins" "New York" 101136 9.799675684 49.9 83.52119918 0.843418763 0.554698624 91.4 47.5 2.32 19659 19.2 4.1 6.775035596 "Low" "High"
"2036" "Ulster" "New York" 181670 13.94121209 50.1 89.76826113 1.031540706 0.811361259 81.7 25 2.47 20846 11.2 5.5 8.125722464 "Low" "Medium"
"2037" "Warren" "New York" 65971 16.81647997 51.1 96.94562762 0.894332358 0.953449243 84.6 23.2 2.41 20727 9.7 5.8 7.817071137 "Low" "Low"
"2038" "Washington" "New York" 62804 15.01655945 48.5 95.08630024 1.023820139 0.902808738 79.2 14.3 2.55 17958 11.6 5.5 9.236672823 "Low" "Medium"
"2039" "Wayne" "New York" 91564 13.51186056 50.6 94.37770303 1.243938666 0.87698222 82.3 17 2.64 19258 11.3 5.9 9.013367699 "Medium" "Medium"
"2040" "Westchester" "New York" 953943 14.23911072 51.7 77.51081564 1.252171251 0.744174442 83.6 40.9 2.67 36726 7.7 4.8 7.081869671 "Medium" "Low"
"2041" "Wyoming" "New York" 41652 13.30068184 45.5 92.49735907 0.919523672 0.799481417 75.6 11.5 2.62 17248 9.6 6.3 10.80860463 "Low" "Low"
"2042" "Yates" "New York" 24652 16.65179296 51.2 97.82979069 1.281843258 0.90459192 80 18.2 2.59 16781 15.8 4.9 5.508680837 "Medium" "Medium"
"2523" "Anderson" "Texas" 56838 12.44589887 39.5 75.05542067 1.169991907 1.046834864 64.4 11.1 2.58 13838 18.9 5.7 9.852563426 "Medium" "High"
"2524" "Andrews" "Texas" 13645 12.29754489 50.5 94.93587395 1.692927812 0.916086479 68 12.4 2.81 15916 15.3 3.4 8.81641627 "High" "Medium"
"2525" "Angelina" "Texas" 83038 14.14773959 50.8 82.98730702 1.645029986 0.947758857 71.2 14.7 2.7 15876 19.3 4.9 8.30704015 "High" "High"
"2526" "Aransas" "Texas" 24900 23.94779116 50.9 93.63453815 1.068273092 1.232931727 74.6 16.7 2.43 18560 18.2 4.5 4.425702811 "Medium" "Medium"
"2527" "Archer" "Texas" 9119 15.19903498 49.9 96.43601272 0.877289176 0.800526374 81.1 15.9 2.63 19300 8.1 3.8 6.075227547 "Low" "Low"
"2528" "Armstrong" "Texas" 2123 21.149317 51.7 97.50353274 1.224682054 1.177578898 82.4 20.5 2.58 17151 9.5 3.6 6.877060763 "Medium" "Low"
"2529" "Atascosa" "Texas" 43877 11.70772842 50.6 96.4605602 1.479134854 0.701962304 65.2 10.5 2.99 14276 18.1 4.7 5.620256626 "Medium" "Medium"
"2530" "Austin" "Texas" 26851 14.56184127 50.3 88.58887937 1.31093814 0.979479349 74.5 17.3 2.67 18140 10.9 4.3 7.165468698 "Medium" "Medium"
"2531" "Bailey" "Texas" 6279 14.23793598 50.6 95.84328715 2.086319478 1.05112279 61.5 9.3 2.78 12979 19.8 4.2 10.35196687 "High" "High"
"2532" "Bandera" "Texas" 20303 17.42107078 50.5 96.51283062 0.857016205 0.886568487 84.8 19.4 2.49 19635 13.4 4.4 4.05851352 "Low" "Medium"
"2533" "Bastrop" "Texas" 73491 10.88704739 48.9 88.5972432 1.366153679 0.681716129 76.9 17 2.77 18146 12.6 4.9 5.661917786 "Medium" "Medium"
"2534" "Baylor" "Texas" 3737 23.09339042 52 93.39042012 1.418249933 1.3914905 70.1 12.1 2.26 16384 18.1 3.8 7.653197752 "Medium" "Medium"
"2535" "Bee" "Texas" 32661 11.30400171 39.6 87.03652674 1.337987202 0.649092189 73.7 12.2 2.74 10625 22.5 6.3 10.48038946 "Medium" "High"
"2536" "Bell" "Texas" 285084 9.046807257 50.5 70.42906652 2.148138794 0.596315472 84.7 19.8 2.68 17219 13.6 4.9 27.30283004 "High" "Medium"
"2537" "Bexar" "Texas" 1622899 10.23470962 51.1 87.0799107 1.633003656 0.656972492 76.9 22.7 2.78 18363 16.4 4.7 10.03907206 "High" "Medium"
"2538" "Blanco" "Texas" 9082 10.7465316 49.9 96.3774499 1.167143801 0.979960361 80.6 22.2 2.5 19721 10.6 3.8 6.099977978 "Medium" "Medium"
"2539" "Borden" "Texas" 593 16.35750422 49.6 97.97639123 0.505902192 0.84317032 83.9 21.4 2.5 18364 8 3.2 15.34569983 "Low" "Low"
"2540" "Bosque" "Texas" 17760 20.4786036 50.9 95.28716216 1.036036036 1.362612613 75.9 15.4 2.48 17455 19.6 4.7 6.987612613 "Low" "High"
"2541" "Bowie" "Texas" 92283 13.33073264 49.4 72.40770239 1.352361757 0.962257404 77.3 16.1 2.5 17357 17.9 5.1 11.6381132 "Medium" "Medium"
"2542" "Brazoria" "Texas" 301044 9.205963248 48.7 82.15044977 1.600098324 0.610874158 79.5 19.6 2.82 20021 9.8 5.2 5.804799298 "High" "Low"
"2543" "Brazos" "Texas" 175122 7.468507669 48.9 83.10263702 1.420152808 0.443690684 81.3 37 2.52 16212 26.2 3.9 17.91665239 "Medium" "High"
"2544" "Brewster" "Texas" 9331 15.29310899 49.8 94.43789519 1.350337584 0.707319687 78.6 27.7 2.31 15183 17.3 3.7 16.46125817 "Medium" "Medium"
"2545" "Briscoe" "Texas" 1462 21.13543092 50.9 95.00683995 1.504787962 1.162790698 74.8 17.5 2.47 14218 15.5 4.2 8.755129959 "Medium" "Medium"
"2546" "Brooks" "Texas" 7549 16.71744602 52.2 98.43687906 1.854550272 1.125976951 49.9 6.8 2.92 10234 30.2 5.4 10.45171546 "High" "High"
"2547" "Brown" "Texas" 38379 16.83212173 50.5 93.35053024 1.347090857 1.190755361 74.6 15 2.48 15624 18.9 4.5 7.94965997 "Medium" "High"
"2548" "Burleson" "Texas" 16610 17.50752559 51.2 84.19024684 1.288380494 0.987357014 71.1 13.2 2.57 16616 15.6 4.4 6.044551475 "Medium" "Medium"
"2549" "Burnet" "Texas" 44488 23.23772703 51.8 95.56509621 1.175597914 0.874393095 77.8 17.4 2.53 18850 10 4 5.644218666 "Medium" "Low"
"2550" "Caldwell" "Texas" 36899 12.08162823 50.6 89.98888859 1.439063389 0.79405946 71.3 13.3 2.82 15099 16.7 5.2 4.897151684 "Medium" "Medium"
"2551" "Calhoun" "Texas" 20406 14.76526512 49.9 91.52210134 1.494658434 0.975203372 69 12.1 2.75 17125 15.7 4.9 7.630108792 "Medium" "Medium"
"2552" "Callahan" "Texas" 13533 18.27384911 51.7 95.83979901 1.174905786 1.160127097 79.3 12.3 2.53 15204 13.3 3.7 5.453336289 "Medium" "Medium"
"2553" "Cameron" "Texas" 392736 11.5026379 52.1 96.9111566 2.202242728 0.520196773 55.2 13.4 3.4 10960 34.3 6.8 7.40090035 "High" "High"
"2554" "Camp" "Texas" 12666 15.60871625 51.1 80.06474025 1.571135323 1.073740723 69.5 12.2 2.62 16500 17.5 5 5.155534502 "High" "Medium"
"2555" "Carson" "Texas" 6251 17.35722284 51.1 96.35258359 1.055831067 1.119820829 82.6 15.5 2.6 19368 8.5 3.4 10.89425692 "Low" "Low"
"2556" "Cass" "Texas" 29284 19.21527114 51.9 79.09097118 1.232755088 1.239584756 75 12 2.46 15777 19.3 6.2 7.212129491 "Medium" "High"
"2557" "Castro" "Texas" 7129 14.30775705 49.6 94.36106046 1.823537663 0.757469491 65.4 14.7 2.98 14457 20.1 3.7 9.426286997 "High" "High"
"2558" "Chambers" "Texas" 29356 9.565335877 49.7 86.6228369 1.43411909 0.623381932 76.9 12.1 2.82 19863 8.6 5.8 6.43820684 "Medium" "Low"
"2559" "Cherokee" "Texas" 48321 14.49473314 49.2 82.88321848 1.547981209 0.945758573 68.4 11.4 2.63 13980 18.6 6 8.772583349 "Medium" "Medium"
"2560" "Childress" "Texas" 7536 13.85350318 39.7 81.60828025 1.127919321 1.048301486 65 8.6 2.4 12452 23.8 5.1 15.23354565 "Medium" "High"
"2561" "Clay" "Texas" 10888 14.70426157 51.2 96.21601763 0.945995591 0.927626745 80.4 13.9 2.52 16361 12 4 5.538207201 "Low" "Medium"
"2562" "Cochran" "Texas" 2977 14.41048035 52.7 91.23278468 2.183406114 0.940544172 62.7 10.2 2.79 13125 24.2 4.8 12.69734632 "High" "High"
"2563" "Coke" "Texas" 3480 28.70689655 50.8 96.40804598 0.689655172 1.810344828 74.2 14.7 2.31 16734 13.9 7.7 12.29885057 "Low" "Medium"
"2564" "Coleman" "Texas" 8577 22.25719949 51.8 94.89331934 1.130931561 1.842135945 71 11.7 2.33 14911 22 4 9.000816136 "Medium" "High"
"2565" "Collin" "Texas" 762010 7.189931891 49.8 79.70905894 1.421634887 0.327554756 91.8 47.3 2.68 33345 6.2 4.6 4.775002953 "Medium" "Low"
"2566" "Collingsworth" "Texas" 2985 18.62646566 51 89.48073702 1.641541039 1.340033501 71.3 15.3 2.44 15318 19.5 3.9 9.112227806 "High" "High"
"2567" "Colorado" "Texas" 20734 19.1424713 51 83.74650333 1.302208932 1.104466094 69.1 14.4 2.56 16910 14.9 4 5.266711681 "Medium" "Medium"
"2568" "Comal" "Texas" 109635 13.81949195 50.5 95.02622338 1.112783326 0.69503352 83.9 26.2 2.64 21914 9.8 4.1 4.599808455 "Medium" "Low"
"2569" "Comanche" "Texas" 13483 20.44055477 51 96.87754951 1.438848921 1.431432174 70.2 13 2.48 14677 17.6 3.9 7.913669065 "Medium" "Medium"
"2570" "Concho" "Texas" 3610 13.68421053 33.2 97.39612188 1.108033241 0.720221607 59.3 14.1 2.45 15727 23.7 5.3 7.728531856 "Medium" "High"
"2571" "Cooke" "Texas" 38407 14.98945505 50.4 93.35277423 1.580441065 0.999817742 79.2 15.7 2.6 17889 13.8 3.5 7.732965345 "High" "Medium"
"2572" "Coryell" "Texas" 72654 6.474523082 49.5 72.85765409 1.383268643 0.503757536 81.1 12.4 2.91 14410 15.3 6.1 8.506069865 "Medium" "Medium"
"2573" "Cottle" "Texas" 1617 26.28324057 51.9 87.32220161 0.556586271 2.226345083 66.1 15.3 2.28 16212 21 4 9.461966605 "Low" "High"
"2574" "Crane" "Texas" 4017 11.45133184 51 94.22454568 1.493651979 0.995767986 68.7 12.8 2.91 15374 10.4 4.1 9.111277072 "Medium" "Low"
"2575" "Crockett" "Texas" 3802 14.28195686 50.7 96.81746449 1.683324566 0.78905839 62.1 10.4 2.65 14414 15 2.9 12.17780116 "High" "Medium"
"2576" "Crosby" "Texas" 6192 15.31007752 52 93.18475452 1.760335917 1.275839793 61.8 10.5 2.78 14445 24.1 4.9 8.947028424 "High" "High"
"2577" "Culberson" "Texas" 2431 15.54915673 50.7 97.03825586 1.357466063 0.699300699 56.1 13.9 2.82 11493 24.3 3 16.12505142 "Medium" "High"
"2578" "Dallam" "Texas" 6267 10.81857348 49.6 94.54284347 1.930748364 1.005265677 65 9.6 2.68 13653 13.2 3 9.573958832 "High" "Medium"
"2579" "Dallas" "Texas" 2412827 8.59522875 49.3 72.48683805 1.818820827 0.577040957 75 27 2.71 22603 16.9 5.4 7.096779007 "High" "Medium"
"2580" "Dawson" "Texas" 13692 13.68682442 44 88.83289512 1.460706982 0.964066608 65.2 10.5 2.69 15011 25.5 5.4 11.4227286 "Medium" "High"
"2581" "DeWitt" "Texas" 19596 17.26883037 48.1 86.50234742 1.337007553 1.352316799 67.9 11.8 2.53 14780 19.4 4.2 11.58399673 "Medium" "High"
"2582" "DeafSmith" "Texas" 18501 12.5344576 50.9 95.78401168 2.05394303 0.805361872 60.9 11.8 2.96 13119 20.8 3.8 7.367169342 "High" "High"
"2583" "Delta" "Texas" 5458 17.77207768 51.1 89.62990106 1.099303774 1.28252107 75.5 13.9 2.49 15080 17.7 5.3 6.174422866 "Medium" "Medium"
"2584" "Denton" "Texas" 636557 5.826815195 50 83.66901943 1.476851248 0.346394745 89.4 36.6 2.67 26895 7.1 4.5 4.986513384 "Medium" "Low"
"2585" "Dickens" "Texas" 2450 19.55102041 41.7 88.08163265 0.775510204 1.346938776 70.6 8.4 2.29 13156 23.8 4.4 8.857142857 "Low" "High"
"2586" "Dimmit" "Texas" 9758 12.64603402 51.8 96.35171142 1.742160279 0.850584136 54.3 10.1 3.06 9765 32.7 6.7 12.492314 "High" "High"
"2587" "Donley" "Texas" 3850 23.32467532 51.2 91.97402597 1.038961039 1.324675325 78.2 15.8 2.3 15958 16.6 4.2 12.72727273 "Low" "Medium"
"2588" "Duval" "Texas" 12033 15.00041552 49.3 97.63982382 1.520817751 0.980636583 59.7 8.9 2.88 11324 26.9 5.4 10.69558714 "Medium" "High"
"2589" "Eastland" "Texas" 18186 19.35004949 51.7 95.10062686 1.347190146 1.303200264 72.6 12.7 2.39 14870 18.5 4.6 8.259100407 "Medium" "Medium"
"2590" "Ector" "Texas" 131941 10.85712553 51 92.1715009 1.887207161 0.851895923 68 12 2.72 15031 15.5 3.4 7.228988715 "High" "Medium"
"2591" "Edwards" "Texas" 1952 8.606557377 48.3 94.56967213 1.43442623 0.922131148 67.1 17.3 2.66 12691 24.8 3.8 10.75819672 "Medium" "High"
"2592" "ElPaso" "Texas" 742062 10.65247917 51.9 92.60452631 1.928140775 0.590786215 65.8 16.6 3.18 13421 28.4 6.3 10.57943945 "High" "High"
"2593" "Ellis" "Texas" 148186 9.484026831 50.1 87.56225284 1.472473783 0.60262103 77.8 17.1 2.96 20212 10.7 5.1 4.692076175 "Medium" "Medium"
"2594" "Erath" "Texas" 35870 12.59269585 50.4 95.94647338 1.474770003 0.906049624 77.1 25 2.48 16655 15.8 3.8 10.12824087 "Medium" "Medium"
"2595" "Falls" "Texas" 16900 16.28402367 54.2 71.29585799 1.236686391 1.461538462 66.2 9.6 2.54 14311 27.7 5.8 11.17751479 "Medium" "High"
"2596" "Fannin" "Texas" 33229 17.17174757 46.9 89.26841012 1.266965602 1.405398899 72.5 12.6 2.51 16066 16.5 5.9 7.189503145 "Medium" "Medium"
"2597" "Fayette" "Texas" 22698 21.82130584 51.2 91.09613182 1.167503745 1.356947749 71.3 14.6 2.44 18888 12.4 3.5 7.568948806 "Medium" "Medium"
"2598" "Fisher" "Texas" 3912 21.54907975 51.2 94.27402863 1.04805726 1.584867076 73.3 12.4 2.39 15120 16.1 3.9 8.921267894 "Low" "Medium"
"2599" "Floyd" "Texas" 6455 17.38187452 51.5 92.98218435 1.53369481 1.161890008 63.5 12.3 2.79 14206 22 4.7 9.403563129 "Medium" "High"
"2600" "Foard" "Texas" 1361 22.55694342 51.8 93.24026451 1.102130786 1.616458486 70 10.5 2.38 14799 18.1 4 9.037472447 "Medium" "Medium"
"2601" "FortBend" "Texas" 532141 6.629258035 50.1 62.38947948 1.335736205 0.365316711 84.3 36.9 3.14 24985 8.4 4.5 4.320847294 "Medium" "Low"
"2602" "Franklin" "Texas" 11001 19.15280429 51.1 92.69157349 1.363512408 1.054449595 77.4 16.2 2.48 17563 14.4 4.3 3.954185983 "Medium" "Medium"
"2603" "Freestone" "Texas" 18923 14.77038525 47 80.65845796 1.289436136 1.02520742 76.8 10.9 2.48 16338 13.6 4.1 7.419542356 "Medium" "Medium"
"2604" "Frio" "Texas" 16163 11.90373074 45.2 92.53851389 1.521994679 0.791932191 57.7 8.4 2.98 16069 28.9 5.5 8.302914063 "Medium" "High"
"2605" "Gaines" "Texas" 15081 10.93428818 50.3 95.14621046 1.982627147 0.722763742 56.2 10.5 3.07 13088 18.3 3.9 8.75273523 "High" "Medium"
"2606" "Galveston" "Texas" 288239 10.70569909 50.9 80.83361377 1.431450983 0.816683377 80.9 22.7 2.6 21568 12.4 5.8 10.36466266 "Medium" "Medium"
"2607" "Garza" "Texas" 4628 14.75799481 46.8 91.72428695 1.663785653 0.950734659 70.1 10 2.65 12704 21 3.8 9.377700951 "High" "High"
"2608" "Gillespie" "Texas" 23782 25.78420654 52.2 97.98587167 1.034395762 1.135312421 80.1 22.9 2.38 20423 9.9 3.1 4.890253133 "Low" "Low"
"2609" "Glasscock" "Texas" 1212 11.38613861 47.4 98.67986799 0.742574257 0.330033003 69.9 18.7 2.91 18279 10.3 3.7 10.97359736 "Low" "Low"
"2610" "Goliad" "Texas" 7152 18.56823266 50.3 92.86912752 1.048657718 1.090604027 72.4 12.3 2.57 17126 15.8 3.8 7.074944072 "Low" "Medium"
"2611" "Gonzales" "Texas" 19155 15.37457583 50.2 88.69746802 1.842860872 0.976246411 62 10.7 2.69 14269 18.6 4 7.695118768 "High" "Medium"
"2612" "Gray" "Texas" 22248 17.86677454 48.9 89.84178353 1.532722042 1.312477526 75.3 11.9 2.39 16702 15.1 3.5 6.939949658 "Medium" "Medium"
"2613" "Grayson" "Texas" 118804 15.08871755 51.2 89.80084846 1.310561934 1.086663749 80.2 17.2 2.51 18862 12.6 5.3 5.512440659 "Medium" "Medium"
"2614" "Gregg" "Texas" 117528 13.60867198 51.3 76.89401674 1.764685862 0.99295487 79.1 19.5 2.54 18449 16.2 4 6.667347356 "High" "Medium"
"2615" "Grimes" "Texas" 25895 14.26916393 46.5 80.0077235 1.270515544 0.722147133 67.3 10.3 2.69 14368 16.8 5.2 7.796871983 "Medium" "Medium"
"2616" "Guadalupe" "Texas" 117172 12.05407435 50.6 89.93957601 1.269927969 0.625576076 78.1 19.1 2.83 18430 9.6 4.4 5.073737753 "Medium" "Low"
"2617" "Hale" "Texas" 35234 12.53618664 49.2 91.00868479 1.725605949 0.859964807 65.9 14.4 2.86 13655 18 4.6 7.489924505 "High" "Medium"
"2618" "Hall" "Texas" 3400 21 52.2 88.44117647 1.176470588 1.529411765 61.7 10.3 2.42 13210 26.3 5.6 9.588235294 "Medium" "High"
"2619" "Hamilton" "Texas" 8092 22.8744439 51.2 97.80029659 1.28521997 1.631240732 73.8 16.8 2.37 16800 14.6 3.6 8.205635195 "Medium" "Medium"
"2620" "Hansford" "Texas" 5280 14.26136364 50.1 97.61363636 1.571969697 0.852272727 69.9 18.6 2.63 17408 13.5 3.2 10.64393939 "High" "Medium"
"2621" "Hardeman" "Texas" 3984 18.54919679 52.2 91.31526104 1.280120482 1.004016064 70.7 12.8 2.4 16824 16.8 3.6 12.70080321 "Medium" "Medium"
"2622" "Hardin" "Texas" 52143 12.50023973 50.7 91.27974992 1.307941622 0.930134438 79.5 13 2.68 17962 11.2 5.5 5.078342251 "Medium" "Medium"
"2623" "Harris" "Texas" 3984349 7.941046329 49.8 73.54313089 1.762220127 0.51802691 74.6 26.9 2.79 21435 16.3 4.8 6.461607655 "High" "Medium"
"2624" "Harrison" "Texas" 63594 12.90530553 51.1 75.46152153 1.34761141 0.926188005 78.3 15.4 2.62 16702 16.5 4.7 5.728527849 "Medium" "Medium"
"2625" "Hartley" "Texas" 5162 9.899263851 38 89.46144905 1.452925223 1.104223169 77.3 17.6 2.56 18067 10.8 3.3 11.17783805 "Medium" "Medium"
"2626" "Haskell" "Texas" 5216 26.51457055 53.3 93.34739264 1.150306748 1.476226994 71.1 14.4 2.33 14918 21 3.3 9.279141104 "Medium" "High"
"2627" "Hays" "Texas" 149476 7.52696085 49.7 92.18804357 1.2410019 0.442211459 84.7 31.3 2.69 19931 13.7 4.3 8.134416227 "Medium" "Medium"
"2628" "Hemphill" "Texas" 3472 16.10023041 49.7 96.57258065 1.699308756 1.123271889 79.9 17.9 2.5 16929 9.1 2 11.03110599 "High" "Low"
"2629" "Henderson" "Texas" 78814 18.54619738 50.8 91.29850027 1.305605603 1.136853858 73.5 12.1 2.5 17772 15.5 5.4 4.543609003 "Medium" "Medium"
"2630" "Hidalgo" "Texas" 726604 9.702809233 51.3 96.67026331 2.354927856 0.456369632 50.5 12.9 3.6 9899 34 7.3 7.058177494 "High" "High"
"2631" "Hill" "Texas" 35637 16.79153689 50.4 90.56317872 1.332884362 1.240283975 71.8 12.5 2.58 15514 16.9 5.1 6.591463928 "Medium" "Medium"
"2632" "Hockley" "Texas" 22205 12.67732493 51 93.5194776 1.54469714 0.918712002 68.2 13.6 2.77 15022 17.1 3.8 8.700743076 "Medium" "Medium"
"2633" "Hood" "Texas" 50573 19.35024618 50.8 96.25294129 1.176517114 1.07369545 83.5 20.5 2.5 22261 10.7 4.2 4.401558144 "Medium" "Medium"
"2634" "Hopkins" "Texas" 33804 14.01017631 50.5 89.82960596 1.541237723 0.917051237 73.6 15.1 2.56 17182 14.6 4.2 7.182581943 "Medium" "Medium"
"2635" "Houston" "Texas" 22698 19.05894792 46.2 72.44250595 1.237994537 1.220371839 70 12.2 2.44 14525 24 6.6 9.432549123 "Medium" "High"
"2636" "Howard" "Texas" 32537 14.2822018 45.6 92.3994222 1.43836248 1.143313766 70.6 11.1 2.53 15027 25.9 4.6 11.45772505 "Medium" "High"
"2637" "Hudspeth" "Texas" 3137 14.95058974 50.9 96.4615875 1.115715652 0.541919031 46.1 9.7 3.03 9549 32.4 4.1 17.40516417 "Medium" "High"
"2638" "Hunt" "Texas" 82805 13.52816859 50.1 87.89203551 1.46005676 0.958879295 76.9 16.8 2.6 17554 16.4 5.3 8.988587646 "Medium" "Medium"
"2639" "Hutchinson" "Texas" 21512 15.23335813 50.9 92.91093343 1.343436222 1.199330606 79.6 14.3 2.54 17317 13.6 4.2 8.460394199 "Medium" "Medium"
"2640" "Irion" "Texas" 1699 15.891701 49.9 95.1147734 0.470865215 0.765155974 78.8 21.5 2.55 20515 8.1 3.5 7.769276045 "Low" "Low"
"2641" "Jack" "Texas" 8793 16.9452974 45.3 91.57284203 1.034914136 1.103150233 75.8 12.8 2.52 15210 13 3.3 7.039690663 "Low" "Medium"
"2642" "Jackson" "Texas" 14146 16.00452425 50.7 90.13148593 1.41382723 1.116923512 72.7 12.8 2.65 16693 14.6 4.1 7.938639898 "Medium" "Medium"
"2643" "Jasper" "Texas" 34374 16.39029499 51.3 80.38052016 1.329493222 1.079304125 73 10.5 2.58 15636 20.8 6.5 6.589282597 "Medium" "High"
"2644" "JeffDavis" "Texas" 2275 19.47252747 48.9 97.67032967 1.010989011 0.659340659 74.7 35.1 2.39 18846 13.1 3.7 12.79120879 "Low" "Medium"
"2645" "Jefferson" "Texas" 243090 13.37611584 49.4 61.0185528 1.464478177 1.032128018 78.5 16.3 2.55 17571 17.1 6.8 7.839071949 "Medium" "Medium"
"2646" "JimHogg" "Texas" 5016 16.3277512 51 97.96650718 1.933811802 0.857256778 58 9.5 2.89 12185 22.8 3.9 12.34051037 "High" "High"
"2647" "JimWells" "Texas" 41069 12.93433003 51.3 97.14139619 1.762886849 0.830309966 64.8 10.9 2.99 12252 22.1 4.3 6.080011688 "High" "High"
"2648" "Johnson" "Texas" 153630 10.50901517 49.9 93.24090347 1.347393087 0.70038404 77.6 13.8 2.85 18400 11.3 4.7 4.676170019 "Medium" "Medium"
"2649" "Jones" "Texas" 19197 14.01781528 38.4 84.91951867 0.948064802 0.953273949 64.3 8.2 2.58 13656 20.6 5 7.730374538 "Low" "High"
"2650" "Karnes" "Texas" 15051 13.58713707 40.6 86.35306624 1.222510132 1.029831905 59.1 9.4 2.66 13603 26.5 6.1 10.3979802 "Medium" "High"
"2651" "Kaufman" "Texas" 100527 9.100042775 50.4 86.56281397 1.479204592 0.759994827 74.5 12.3 2.87 18827 11 5.4 6.212261383 "Medium" "Medium"
"2652" "Kendall" "Texas" 32886 15.71185307 50.7 96.55780575 0.92744633 0.924405522 85.4 31.4 2.7 24619 8.6 3.8 5.646779785 "Low" "Low"
"2653" "Kenedy" "Texas" 388 13.1443299 48.2 96.64948454 1.546391753 0.515463918 57.9 20.3 2.97 17959 15.9 3.3 21.13402062 "Medium" "Medium"
"2654" "Kent" "Texas" 708 25.28248588 51.8 99.01129944 0.706214689 2.542372881 78.1 15.1 2.33 17626 9.1 4.5 29.0960452 "Low" "Low"
"2655" "Kerr" "Texas" 48269 25.77637821 51.9 95.58308645 1.218173155 1.375624107 81.2 23.3 2.35 19767 16.4 4 6.944415671 "Medium" "Medium"
"2656" "Kimble" "Texas" 4432 20.93862816 51.1 97.81137184 1.398916968 1.66967509 72.1 17.3 2.37 17127 17.8 3.8 8.935018051 "Medium" "Medium"
"2657" "King" "Texas" 281 9.252669039 45.2 95.01779359 1.067615658 0.355871886 78.1 24.6 2.77 12321 15.2 4.2 27.04626335 "Low" "Medium"
"2658" "Kinney" "Texas" 3233 27.00278379 49.7 94.86545005 0.989792762 1.020723786 66.9 17.7 2.55 15350 21.2 5.4 12.55799567 "Low" "High"
"2659" "Kleberg" "Texas" 30739 11.47402323 49.7 91.57096848 1.616838544 0.657145646 68.2 20.4 2.78 13542 24.4 4.3 16.16513224 "High" "High"
"2660" "Knox" "Texas" 3393 22.45800177 52.7 87.3268494 1.119952844 1.503094607 66.8 11.8 2.44 13443 20.3 3.9 12.93840259 "Medium" "High"
"2661" "LaSalle" "Texas" 5861 12.50639823 46.7 94.91554342 1.45026446 0.870158676 50.1 6.4 2.89 9692 28.8 5.6 11.38031053 "Medium" "High"
"2662" "Lamar" "Texas" 49286 16.82425029 52.2 83.42734245 1.314774987 1.154486061 76.3 14.5 2.48 17000 16.2 5.5 6.573874934 "Medium" "Medium"
"2663" "Lamb" "Texas" 13585 17.1659919 51.5 92.53588517 1.685682738 1.236658079 63.7 11.1 2.69 15169 19.5 4.5 7.832167832 "High" "High"
"2664" "Lampasas" "Texas" 21197 17.13921781 51.1 92.7772798 1.349247535 0.858612068 78.8 16.2 2.66 17184 13.6 4.1 4.911072322 "Medium" "Medium"
"2665" "Lavaca" "Texas" 18652 22.07269998 51.8 91.76495818 1.367145614 1.576238473 68.6 11.4 2.44 16398 13.2 3.5 5.313103152 "Medium" "Medium"
"2666" "Lee" "Texas" 16400 16.57926829 49.9 86.90853659 1.347560976 0.987804878 71.7 13.1 2.65 17163 12.3 4 7.591463415 "Medium" "Medium"
"2667" "Leon" "Texas" 16859 20.4757103 50.7 88.51651937 1.132926034 1.138857583 73.8 12.1 2.46 17599 15.4 4.4 5.421436621 "Medium" "Medium"
"2668" "Liberty" "Texas" 75333 11.01509299 51 85.7552467 1.399121235 0.882747269 69.6 8.1 2.8 15539 14.4 6 6.152682092 "Medium" "Medium"
"2669" "Limestone" "Texas" 22192 15.46953857 48.8 79.06903389 1.320295602 1.230173035 67.4 11.1 2.55 14352 21.3 4.5 13.00018025 "Medium" "High"
"2670" "Lipscomb" "Texas" 2981 15.56524656 50 96.67896679 1.47601476 1.20764844 74.5 18.9 2.5 16328 14.3 2.7 13.21704126 "Medium" "Medium"
"2671" "LiveOak" "Texas" 11247 18.17373522 44.5 95.57215257 0.82688717 0.862452209 67.1 12 2.53 15886 18.1 4.3 8.037698942 "Low" "Medium"
"2672" "Llano" "Texas" 18400 29.63586957 51.4 97.2826087 0.902173913 1.581521739 83.5 21 2.13 23547 12.4 4.5 6.385869565 "Low" "Medium"
"2673" "Loving" "Texas" 42 21.42857143 54.8 100 0 0 86.3 5.9 2.16 24083 20 8.9 40.47619048 NA "High"
"2674" "Lubbock" "Texas" 264418 11.33773041 50.8 89.05974631 1.572510192 0.770749344 78.4 24.4 2.52 17323 17.4 3.8 9.611675453 "High" "Medium"
"2675" "Lynn" "Texas" 5783 16.51392011 50.1 93.46360021 1.521701539 0.951063462 61.9 13.4 2.76 14090 20.1 4.7 9.735431437 "Medium" "High"
"2676" "Madison" "Texas" 13382 15.25930354 41.3 76.34882678 1.352563145 1.031235989 72.8 11.5 2.57 14056 21.2 5.3 9.176505754 "Medium" "High"
"2677" "Marion" "Texas" 10544 22.3160091 51.8 75.65440061 0.96737481 1.564871017 67.5 8.5 2.35 14535 25 5.1 4.637708649 "Low" "High"
"2678" "Martin" "Texas" 4513 13.11766009 50.8 95.47972524 1.661865721 1.13006869 65.8 11.8 2.87 15647 16.9 3.4 8.597385331 "High" "Medium"
"2679" "Mason" "Texas" 3882 22.59144771 51.4 98.42864503 1.210716126 1.133436373 78.1 18.7 2.31 20931 14.5 3 7.444616177 "Medium" "Medium"
"2680" "Matagorda" "Texas" 37265 14.10438749 50 83.57708305 1.475915739 0.88286596 70.3 12.5 2.7 15709 22.5 7 6.958271837 "Medium" "High"
"2681" "Maverick" "Texas" 52279 11.0044186 52.2 96.185849 2.031408405 0.573844182 42.1 9.1 3.6 8758 29.8 11 9.90263777 "High" "High"
"2682" "McCulloch" "Texas" 7943 19.12375677 52.5 96.34898653 1.39745688 1.246380461 70.5 14 2.47 14579 22.8 4.1 8.699483822 "Medium" "High"
"2683" "McLennan" "Texas" 230213 12.40242732 51.1 81.69086889 1.505996621 0.880923319 76.6 19.1 2.59 17174 19.1 4.6 7.428338104 "Medium" "High"
"2684" "McMullen" "Texas" 837 21.14695341 50.4 97.72998805 1.314217443 0.955794504 74.7 16.2 2.4 22258 13.9 5.6 13.62007168 "Medium" "Medium"
"2685" "Medina" "Texas" 44275 12.89892716 49 94.97684924 1.334839074 0.749858837 72.2 13.3 2.91 15210 14.8 5.1 6.798418972 "Medium" "Medium"
"2686" "Menard" "Texas" 2138 24.8362956 50.1 96.86623012 0.98222638 1.824134705 69.4 17.2 2.34 15987 21.5 4.4 10.80449018 "Low" "High"
"2687" "Midland" "Texas" 129494 11.70092823 51.3 90.06903795 1.613202156 0.707368681 79.2 24.8 2.68 20369 14.4 2.9 6.586405548 "High" "Medium"
"2688" "Milam" "Texas" 24892 16.7644223 50.5 87.71091114 1.373935401 1.345813916 70.9 11.6 2.59 16920 17.3 5.5 5.913546521 "Medium" "Medium"
"2689" "Mills" "Texas" 4998 21.94877951 49 97.07883153 0.960384154 1.520608243 76.7 20.2 2.43 15914 17.2 4 8.583433373 "Low" "Medium"
"2690" "Mitchell" "Texas" 9230 12.91440953 37.4 83.71614301 1.27843987 0.964247021 71.7 10.4 2.48 14043 24.6 5.4 13.58613218 "Medium" "High"
"2691" "Montague" "Texas" 19716 19.99391357 51.8 96.64739298 1.257861635 1.19192534 73 11.3 2.41 17115 14.9 3.7 7.501521607 "Medium" "Medium"
"2692" "Montgomery" "Texas" 429953 9.52545976 50.2 91.29439729 1.385035108 0.598670087 81.6 25.3 2.83 24544 9.8 4.3 4.959844448 "Medium" "Low"
"2693" "Moore" "Texas" 20308 10.26196573 49.5 95.05613551 1.989363798 0.714004333 62.1 11 2.94 15214 12.5 3.1 7.903289344 "High" "Medium"
"2694" "Morris" "Texas" 12915 19.15602013 52.2 74.88966318 1.308555943 1.401471158 73.7 11.2 2.47 15612 17.5 6.2 5.691056911 "Medium" "Medium"
"2695" "Motley" "Texas" 1260 24.6031746 49.9 93.88888889 1.349206349 1.825396825 73.5 14.7 2.35 16584 16 4.1 9.761904762 "Medium" "Medium"
"2696" "Nacogdoches" "Texas" 62768 12.0093041 51.6 80.91224828 1.578829977 0.896953862 73.7 22.8 2.49 15437 21.1 4.4 8.660463931 "High" "High"
"2697" "Navarro" "Texas" 49456 14.34810741 50.3 81.46635393 1.502345519 1.06357166 71.7 12.2 2.65 15266 18.5 5.6 7.645179554 "Medium" "Medium"
"2698" "Newton" "Texas" 13752 15.14688773 49.1 76.70884235 0.952588714 1.221640489 68.7 5.5 2.59 13381 20.4 7.3 5.744618965 "Low" "High"
"2699" "Nolan" "Texas" 14879 15.92176894 51 91.86101216 1.539081928 1.203037839 69.9 13.2 2.48 14077 21.8 3.9 12.15807514 "Medium" "High"
"2700" "Nueces" "Texas" 322077 11.76706191 51.2 92.04879578 1.541246348 0.770312689 74.4 18.8 2.79 17036 19.1 4.6 9.606087985 "Medium" "High"
"2701" "Ochiltree" "Texas" 9613 10.97472173 49.7 96.73358993 1.830854052 0.780193488 69.2 16.1 2.74 16707 12.7 2.7 7.916363258 "High" "Medium"
"2702" "Oldham" "Texas" 2062 11.1542192 47.6 94.4228904 0.9214355 0.678952473 80.5 19.4 2.61 14806 22.1 4.2 14.45198836 "Low" "High"
"2703" "Orange" "Texas" 83022 14.14083014 51 88.19830888 1.318927513 1.00214401 79 11 2.65 17554 13.5 6.6 5.596107056 "Medium" "Medium"
"2704" "PaloPinto" "Texas" 27486 15.48060831 50.6 94.67001383 1.629920687 1.142399767 71.2 12.1 2.52 15454 15.9 4.3 7.19639089 "High" "Medium"
"2705" "Panola" "Texas" 23084 15.68618957 51.4 80.38901404 1.338589499 1.212961359 75.9 13.4 2.53 15439 13.7 3.9 5.752902443 "Medium" "Medium"
"2706" "Parker" "Texas" 111776 11.05961924 49.3 94.89872602 1.188090467 0.716611795 80.5 18.6 2.75 20305 8.6 4.5 4.537646722 "Medium" "Low"
"2707" "Parmer" "Texas" 9224 13.72506505 50.2 95.26235906 2.10320902 0.878143972 60.7 13.4 2.97 14184 15.3 3.4 9.876409367 "High" "Medium"
"2708" "Pecos" "Texas" 16307 11.87220212 44.3 92.43269761 1.33071687 0.680689275 62.5 12.9 2.86 12212 21.8 4.8 11.62690869 "Medium" "High"
"2709" "Polk" "Texas" 46144 19.32862344 48.7 84.20813107 1.148578363 1.386962552 70 10.4 2.5 15834 17.5 6.4 6.48621706 "Medium" "Medium"
"2710" "Potter" "Texas" 120918 12.04369904 49.3 84.43738732 1.864073174 0.973386923 71.1 13.5 2.61 14947 25.3 4.1 11.31676012 "High" "High"
"2711" "Presidio" "Texas" 7467 17.16887639 52.6 97.54921655 2.129369225 0.602651667 44.7 11.7 2.85 9558 24.4 10.8 11.45038168 "High" "High"
"2712" "Rains" "Texas" 11204 19.07354516 50 94.79650125 1.03534452 1.008568368 73 11.5 2.51 16442 15.6 5.2 4.462691896 "Low" "Medium"
"2713" "Randall" "Texas" 114546 10.14963421 50.9 93.9491558 1.319993714 0.721107677 89.5 28.9 2.49 21840 9 3.1 4.449740716 "Medium" "Low"
"2714" "Reagan" "Texas" 3086 11.89241737 49.7 94.52365522 1.263771873 0.842514582 63 9.2 2.96 13174 9.6 2 12.022035 "Medium" "Low"
"2715" "Real" "Texas" 2875 23.82608696 51.3 97.46086957 1.391304348 1.565217391 73 17.3 2.38 14321 20 3.9 8.869565217 "Medium" "High"
"2716" "RedRiver" "Texas" 12955 19.88421459 52.1 80.90312621 1.235044384 1.566962563 65.7 9 2.41 15058 19 6.6 6.962562717 "Medium" "High"
"2717" "Reeves" "Texas" 11062 15.79280419 46.6 95.4800217 1.708551799 0.940155487 46.6 8 2.93 10811 36.5 6 13.98481287 "High" "High"
"2718" "Refugio" "Texas" 7350 18.62585034 51.5 91.00680272 1.238095238 1.197278912 68.1 11.6 2.59 15481 16 3.9 9.700680272 "Medium" "Medium"
"2719" "Roberts" "Texas" 833 13.68547419 49.2 97.83913565 2.040816327 1.080432173 90 25.4 2.45 20923 6.2 2.4 12.484994 "High" "Low"
"2720" "Robertson" "Texas" 15693 16.75269228 51.9 75.46039636 1.382782132 1.217103167 68.1 12.7 2.55 14714 19.7 4.9 6.913910661 "Medium" "High"
"2721" "Rockwall" "Texas" 77633 8.627774271 49.9 89.63842696 1.281671454 0.493346901 86.7 32.7 2.92 28573 5 4.6 4.358971056 "Medium" "Low"
"2722" "Runnels" "Texas" 10273 19.95522243 51.9 95.71692787 1.304390149 1.333592913 68.9 13.1 2.53 13577 19.3 4.8 8.478535968 "Medium" "High"
"2723" "Rusk" "Texas" 48887 14.82398184 48.6 79.88626833 1.470738642 1.043222124 74.1 12.8 2.57 16674 13.1 4.4 5.289749831 "Medium" "Medium"
"2724" "Sabine" "Texas" 10062 25.76028623 52 88.46153846 0.983899821 1.659709799 72.5 10.6 2.31 15821 16.1 9.2 5.913337309 "Low" "Medium"
"2725" "SanAugustine" "Texas" 8576 23.23927239 52.2 71.875 1.410914179 1.399253731 69.9 11.8 2.43 15548 21.8 6.4 5.293843284 "Medium" "High"
"2726" "SanJacinto" "Texas" 24882 16.622458 50.2 85.72462021 1.117273531 1.061007958 72.6 9.6 2.55 16144 17.2 5.8 4.284221526 "Medium" "Medium"
"2727" "SanPatricio" "Texas" 68399 12.5981374 51 94.34494656 1.662305004 0.72661881 71.4 13 2.97 15425 17.4 5.4 9.688738139 "High" "Medium"
"2728" "SanSaba" "Texas" 5881 18.97636456 47.6 94.98384628 1.173269852 1.292297228 70 15.8 2.45 15309 19.8 5.5 9.879272233 "Medium" "High"
"2729" "Schleicher" "Texas" 2819 17.9851011 50.6 96.66548421 1.986520043 1.312522171 60.4 17.6 2.59 15969 14.7 3.5 9.258602341 "High" "Medium"
"2730" "Scurry" "Texas" 15973 14.4556439 47.5 91.68597007 1.665310211 0.907781882 72.3 11.8 2.55 15871 17.2 4.1 9.885431666 "High" "Medium"
"2731" "Shackelford" "Texas" 3105 19.96779388 52.3 97.77777778 1.513687601 1.030595813 79.2 20.8 2.49 16341 12.3 2.7 8.276972625 "Medium" "Medium"
"2732" "Shelby" "Texas" 26529 15.2889291 51.5 78.98526141 1.492706095 1.074296053 68.9 12.2 2.59 15186 18.8 4.9 5.314938369 "Medium" "High"
"2733" "Sherman" "Texas" 2930 12.08191126 49.1 96.92832765 1.092150171 0.887372014 73.1 20.4 2.76 17210 14.1 3.7 11.16040956 "Medium" "Medium"
"2734" "Smith" "Texas" 201277 14.68424112 51.7 79.48647883 1.515324652 0.833180145 80.2 22.5 2.59 19072 14.3 5 6.540240564 "Medium" "Medium"
"2735" "Somervell" "Texas" 7942 15.55023923 50.1 96.85217829 1.246537396 0.944346512 78 17.2 2.73 18367 9.2 4.5 8.952404936 "Medium" "Low"
"2736" "Starr" "Texas" 62249 10.13028322 51.9 98.33410978 2.361483719 0.44659352 34.7 6.9 3.69 7069 32.2 11.9 8.84512201 "High" "High"
"2737" "Stephens" "Texas" 9585 17.27699531 48.3 94.35576421 1.387584768 1.022430882 72.3 13.4 2.47 15475 18.5 3.7 8.283776734 "Medium" "Medium"
"2738" "Sterling" "Texas" 1257 17.10421639 51.6 99.12490056 0.397772474 0.954653938 70.4 17.1 2.67 16972 12.8 2.8 12.49005569 "Low" "Medium"
"2739" "Stonewall" "Texas" 1440 24.375 51 92.77777778 1.875 1.736111111 71 12.6 2.32 16094 17.5 3.4 17.70833333 "High" "Medium"
"2740" "Sutton" "Texas" 4270 11.264637 49.7 98.52459016 1.428571429 0.702576112 64.4 13 2.67 17105 14.1 2 10.91334895 "Medium" "Medium"
"2741" "Swisher" "Texas" 7654 17.36347008 47.1 90.16200679 1.711523386 1.084400314 69.7 16.2 2.65 14326 18.6 4.5 10.06009929 "High" "Medium"
"2742" "Tarrant" "Texas" 1750091 8.523213936 50.1 78.82972943 1.660713643 0.575227231 81.3 26.6 2.67 22548 12.2 4.9 5.902035951 "High" "Medium"
"2743" "Taylor" "Texas" 126791 13.58377172 51.6 88.86119677 1.698070052 0.925933229 81.2 22.5 2.54 17176 16.2 3.8 12.51114038 "High" "Medium"
"2744" "Terrell" "Texas" 924 20.23809524 50.9 96.1038961 1.298701299 1.19047619 70.9 19 2.44 13721 20.1 5.8 15.36796537 "Medium" "High"
"2745" "Terry" "Texas" 12135 15.03914297 48 92.28677379 1.738772147 0.857025134 62.5 9.5 2.76 13860 23.1 4.4 9.295426452 "High" "High"
"2746" "Throckmorton" "Texas" 1667 26.33473305 49.7 98.74025195 1.079784043 1.199760048 77.4 18.2 2.39 17719 14.4 3.4 11.57768446 "Medium" "Medium"
"2747" "Titus" "Texas" 29793 12.50293693 49.7 87.42657671 2.138086128 0.805558353 65.5 13.2 2.88 15501 14.6 4.3 10.47225858 "High" "Medium"
"2748" "TomGreen" "Texas" 107864 13.84706668 51.7 92.04646592 1.551954313 0.865905214 76.2 19.5 2.52 17325 15.9 4.1 10.95731662 "Medium" "Medium"
"2749" "Travis" "Texas" 998543 6.711779062 48.2 82.95396393 1.61805751 0.436536033 84.7 40.6 2.47 25883 14.6 4.2 12.33847716 "High" "Medium"
"2750" "Trinity" "Texas" 14147 23.53855941 52.2 86.61200254 1.314766382 1.548031385 73.1 9.4 2.38 15472 18 5.6 5.244928253 "Medium" "Medium"
"2751" "Tyler" "Texas" 20470 18.49047386 48.2 86.25305325 1.187103078 1.123595506 71.9 9.7 2.48 15367 18.8 6.1 8.759159746 "Medium" "High"
"2752" "Upshur" "Texas" 38331 15.06874331 51 87.87143565 1.330515771 0.996582401 76.3 11.1 2.62 16358 15.7 4.3 4.844642717 "Medium" "Medium"
"2753" "Upton" "Texas" 3149 16.73547158 50.7 95.1413147 1.55604954 1.111463957 67.1 11.8 2.68 14274 15.2 3.1 14.09971419 "Medium" "Medium"
"2754" "Uvalde" "Texas" 26461 13.76743131 51.5 96.56853482 1.674161974 0.78228336 59.6 13.8 2.96 12557 23.9 5.9 10.35864102 "High" "High"
"2755" "ValVerde" "Texas" 48053 16.23832019 51.5 95.93365659 1.922876824 0.65552619 58.7 14.1 3.11 12096 25 6 13.01063409 "High" "High"
"2756" "VanZandt" "Texas" 52197 17.70791425 50.6 94.25254325 1.22037665 1.105427515 72 11.6 2.59 16930 14.3 4.4 4.718661992 "Medium" "Medium"
"2757" "Victoria" "Texas" 86755 13.39980405 51.3 90.94461414 1.633335254 0.857587459 76.2 16.2 2.75 18379 16.2 3.9 7.628378768 "High" "Medium"
"2758" "Walker" "Texas" 64212 10.07288357 40 74.60443531 0.987354389 0.660312714 73.1 18.3 2.44 14508 24.2 5.3 19.02759609 "Low" "High"
"2759" "Waller" "Texas" 35995 10.14307543 50.1 71.65439644 1.614113071 0.730657036 73.9 16.8 2.79 16338 19.9 5 10.12640645 "High" "High"
"2760" "Ward" "Texas" 10549 15.10095744 50.6 91.50630392 1.412456157 1.090150725 70.1 12.4 2.66 14393 15.6 3.9 9.811356527 "Medium" "Medium"
"2761" "Washington" "Texas" 32244 17.86378861 51.2 79.8846297 1.287061159 1.045155688 72.1 19 2.53 17384 14.3 4.1 9.266840342 "Medium" "Medium"
"2762" "Webb" "Texas" 236941 8.413908948 51.8 97.72052958 2.510751622 0.435973512 53 13.9 3.75 10759 30.4 5.4 8.805145585 "High" "High"
"2763" "Wharton" "Texas" 40791 13.98347675 50.7 83.39584712 1.630261577 0.909514354 69.8 14.3 2.73 15388 15.7 4.5 7.7590645 "High" "Medium"
"2764" "Wheeler" "Texas" 4772 18.33612741 51.1 93.33612741 1.466890193 1.487845767 72 13 2.39 16083 12.3 2.5 11.96563286 "Medium" "Medium"
"2765" "Wichita" "Texas" 127321 12.9829329 49.4 83.50154334 1.514282797 1.013972558 79.9 20 2.49 16965 15.6 5 14.44302197 "Medium" "Medium"
"2766" "Wilbarger" "Texas" 13782 15.36787114 50.1 87.28776665 1.560005805 1.291539689 72.2 17.1 2.48 16520 15.4 3.7 23.98055435 "High" "Medium"
"2767" "Willacy" "Texas" 20600 13.01456311 48.8 95.99029126 1.878640777 0.567961165 48.7 7.5 3.4 9421 39.9 9 6.495145631 "High" "High"
"2768" "Williamson" "Texas" 394193 8.697516191 49.9 86.93330424 1.478463595 0.394984183 88.8 33.6 2.82 24547 6 4.6 5.040678043 "Medium" "Low"
"2769" "Wilson" "Texas" 40398 11.82236744 50.2 95.49482648 1.178276152 0.74756176 73.8 12.8 2.89 17253 11 4.7 5.688400416 "Medium" "Medium"
"2770" "Winkler" "Texas" 6675 12.14981273 50.7 95.89513109 1.647940075 1.243445693 60.3 10.5 2.72 13725 15.8 3.9 9.033707865 "High" "Medium"
"2771" "Wise" "Texas" 58506 11.63470413 49.6 95.78846614 1.304139746 0.738385807 76.1 13 2.77 17729 9.7 4.4 5.883157283 "Medium" "Low"
"2772" "Wood" "Texas" 42461 22.32401498 50.8 92.24935823 1.029179718 1.215232802 76.3 14.5 2.42 17702 11.9 5.1 4.750241398 "Low" "Medium"
"2773" "Yoakum" "Texas" 7571 11.9667151 51.1 96.90925901 1.624620262 0.567956677 59.4 10.2 2.95 14504 17 3.1 10.6987188 "High" "Medium"
"2774" "Young" "Texas" 17579 18.48227999 51.8 95.56857614 1.513169122 1.592809602 72.1 14.4 2.45 16710 16.8 3.6 8.276921327 "Medium" "Medium"
"2775" "Zapata" "Texas" 13847 13.25196794 50.8 98.39676464 2.245973857 0.462193977 53.1 8.7 3.1 10486 33.4 5.6 8.34837871 "High" "High"
"2776" "Zavala" "Texas" 11678 11.17485871 50.8 97.61089228 1.960952218 0.813495462 43.4 7.6 3.28 10034 40.7 10.8 7.878061312 "High" "High"
